2|1|280|12.000000|
4|3|150|35.000000|
6|5|160|14.000000|
9|8|70|150.000000|
11|10|65|130.000000|
14|13|500|22.000000|
16|15|300|30.000000|
18|17|250|27.000000|
21|20|300|5.000000|
23|22|250|4.000000|
26|25|150|40.000000|
28|27|120|50.000000|
30|29|200|25.000000|
32|25|140|39.000000|
33|27|130|48.000000|
34|29|190|24.000000|
36|1|270|11.000000|
37|3|160|36.000000|
38|5|150|13.000000|
40|13|190|24.000000|
41|1|213|12.000000|
42|3|197|38.000000|
43|5|105|15.000000|
45|17|115|31.000000|
47|27|185|56.000000|
49|17|105|30.000000|
53|20|206|5.000000|
54|13|174|25.000000|
58|25|220|45.000000|
59|29|86|29.000000|
60|3|154|41.000000|
61|5|223|15.000000|
90|25|14|45.000000|
91|5|20|15.000000|
94|5|45|15.000000|
97|20|50|5.000000|
98|13|8|25.000000|
101|13|5|25.000000|
104|17|11|30.000000|
107|17|4|30.000000|
110|27|8|56.000000|
113|27|4|56.000000|
116|17|20|31.000000|
118|17|3|31.000000|
120|13|4|24.000000|
121|1|10|12.000000|
122|5|3|15.000000|
124|1|30|12.000000|
126|13|7|25.000000|
128|17|3|30.000000|
130|27|5|56.000000|
132|29|15|29.000000|
133|3|5|41.000000|
135|25|4|45.000000|
137|20|20|5.000000|
138|13|2|25.000000|
140|17|25|30.000000|
142|27|5|56.000000|
