93|30-10-2020|90 91|80|92|62|
96|24-08-2023|94|78|95|62|
100|11-05-2025|97 98|75|99|55|
103|22-01-2024|101|74|102|55|
106|28-07-2022|104|72|105|50|
109|23-11-2025|107|71|108|50|
112|16-05-2023|110|68|111|48|
115|17-08-2021|113|67|114|48|
117|21-03-2022|116|65|0|46|
119|15-02-2023|118|66|0|46|
123|01-10-2024|120 121 122|64|0|44|
125|06-04-2024|124|63|0|44|
127|10-02-2021|126|76|92|55|
129|07-10-2022|128|71|95|50|
131|09-08-2023|130|69|99|48|
134|24-11-2024|132 133|78|102|62|
136|29-06-2025|135|80|105|62|
139|14-03-2023|137 138|73|108|55|
141|27-04-2024|140|70|111|50|
143|16-11-2022|142|67|114|48|
